123
124
125
126
142
145
147
148
152
153
154
156
157
158
159
214
215
235
236
241
245
247
248
251
253
254
256
257
258
259
263
265
268
269
321
324
325
326
351
352
354
356
357
358
359
362
365
368
369
412
415
421
423
425
426
451
452
453
456
457
458
459
475
478
485
486
487
489
512
514
521
523
524
526
532
536
541
542
547
548
562
563
568
569
574
578
584
586
587
589
596
598
621
623
624
625
632
635
651
652
653
654
657
658
659
684
685
687
689
695
698
741
742
745
748
751
752
753
754
756
758
759
784
785
786
789
841
842
845
847
851
852
853
854
856
857
859
862
863
865
869
874
875
895
896
951
952
953
954
956
957
958
962
963
965
968
984
985
986
987
1235
1236
1245
1247
1248
1253
1254
1256
1257
1258
1259
1263
1265
1268
1269
1423
1425
1426
1452
1453
1456
1457
1458
1459
1475
1478
1485
1486
1487
1489
1523
1524
1526
1532
1536
1542
1547
1548
1562
1563
1568
1569
1574
1578
1584
1586
1587
1589
1596
1598
2145
2147
2148
2153
2154
2156
2157
2158
2159
2351
2354
2356
2357
2358
2359
2365
2368
2369
2415
2451
2453
2456
2457
2458
2459
2475
2478
2485
2486
2487
2489
2514
2536
2541
2547
2548
2563
2568
2569
2574
2578
2584
2586
2587
2589
2596
2598
2635
2651
2653
2654
2657
2658
2659
2684
2685
2687
2689
2695
2698
3214
3215
3241
3245
3247
3248
3251
3254
3256
3257
3258
3259
3265
3268
3269
3512
3514
3521
3524
3526
3541
3542
3547
3548
3562
3568
3569
3574
3578
3584
3586
3587
3589
3596
3598
3621
3624
3625
3651
3652
3654
3657
3658
3659
3684
3685
3687
3689
3695
3698
4123
4125
4126
4152
4153
4156
4157
4158
4159
4215
4235
4236
4251
4253
4256
4257
4258
4259
4263
4265
4268
4269
4512
4521
4523
4526
4532
4536
4562
4563
4568
4569
4578
4586
4587
4589
4596
4598
4751
4752
4753
4756
4758
4759
4785
4786
4789
4851
4852
4853
4856
4857
4859
4862
4863
4865
4869
4875
4895
4896
5123
5124
5126
5142
5147
5148
5214
5236
5241
5247
5248
5263
5268
5269
5321
5324
5326
5362
5368
5369
5412
5421
5423
5426
5478
5486
5487
5489
5621
5623
5624
5632
5684
5687
5689
5698
5741
5742
5748
5784
5786
5789
5841
5842
5847
5862
5863
5869
5874
5896
5962
5963
5968
5984
5986
5987
6214
6215
6235
6241
6245
6247
6248
6251
6253
6254
6257
6258
6259
6321
6324
6325
6351
6352
6354
6357
6358
6359
6512
6514
6521
6523
6524
6532
6541
6542
6547
6548
6574
6578
6584
6587
6589
6598
6841
6842
6845
6847
6851
6852
6853
6854
6857
6859
6874
6875
6895
6951
6952
6953
6954
6957
6958
6984
6985
6987
7412
7415
7421
7423
7425
7426
7451
7452
7453
7456
7458
7459
7485
7486
7489
7512
7514
7521
7523
7524
7526
7532
7536
7541
7542
7548
7562
7563
7568
7569
7584
7586
7589
7596
7598
7841
7842
7845
7851
7852
7853
7854
7856
7859
7862
7863
7865
7869
7895
7896
8412
8415
8421
8423
8425
8426
8451
8452
8453
8456
8457
8459
8475
8512
8514
8521
8523
8524
8526
8532
8536
8541
8542
8547
8562
8563
8569
8574
8596
8621
8623
8624
8625
8632
8635
8651
8652
8653
8654
8657
8659
8695
8741
8742
8745
8751
8752
8753
8754
8756
8759
8951
8952
8953
8954
8956
8957
8962
8963
8965
9512
9514
9521
9523
9524
9526
9532
9536
9541
9542
9547
9548
9562
9563
9568
9574
9578
9584
9586
9587
9621
9623
9624
9625
9632
9635
9651
9652
9653
9654
9657
9658
9684
9685
9687
9841
9842
9845
9847
9851
9852
9853
9854
9856
9857
9862
9863
9865
9874
9875
12354
12356
12357
12358
12359
12365
12368
12369
12453
12456
12457
12458
12459
12475
12478
12485
12486
12487
12489
12536
12547
12548
12563
12568
12569
12574
12578
12584
12586
12587
12589
12596
12598
12635
12653
12654
12657
12658
12659
12684
12685
12687
12689
12695
12698
14235
14236
14253
14256
14257
14258
14259
14263
14265
14268
14269
14523
14526
14532
14536
14562
14563
14568
14569
14578
14586
14587
14589
14596
14598
14752
14753
14756
14758
14759
14785
14786
14789
14852
14853
14856
14857
14859
14862
14863
14865
14869
14875
14895
14896
15236
15247
15248
15263
15268
15269
15324
15326
15362
15368
15369
15423
15426
15478
15486
15487
15489
15623
15624
15632
15684
15687
15689
15698
15742
15748
15784
15786
15789
15842
15847
15862
15863
15869
15874
15896
15962
15963
15968
15984
15986
15987
21453
21456
21457
21458
21459
21475
21478
21485
21486
21487
21489
21536
21547
21548
21563
21568
21569
21574
21578
21584
21586
21587
21589
21596
21598
23514
23541
23547
23548
23568
23569
23574
23578
23584
23586
23587
23589
23596
23598
23651
23654
23657
23658
23659
23684
23685
23687
23689
23695
23698
24153
24156
24157
24158
24159
24536
24563
24568
24569
24578
24586
24587
24589
24596
24598
24751
24753
24756
24758
24759
24785
24786
24789
24851
24853
24856
24857
24859
24863
24865
24869
24875
24895
24896
25147
25148
25368
25369
25478
25486
25487
25489
25684
25687
25689
25698
25741
25748
25784
25786
25789
25841
25847
25863
25869
25874
25896
25963
25968
25984
25986
25987
26351
26354
26357
26358
26359
26514
26541
26547
26548
26574
26578
26584
26587
26589
26598
26841
26845
26847
26851
26853
26854
26857
26859
26874
26875
26895
26951
26953
26954
26957
26958
26984
26985
26987
32145
32147
32148
32154
32156
32157
32158
32159
32415
32451
32456
32457
32458
32459
32475
32478
32485
32486
32487
32489
32514
32541
32547
32548
32568
32569
32574
32578
32584
32586
32587
32589
32596
32598
32651
32654
32657
32658
32659
32684
32685
32687
32689
32695
32698
35124
35126
35142
35147
35148
35214
35241
35247
35248
35268
35269
35412
35421
35426
35478
35486
35487
35489
35621
35624
35684
35687
35689
35698
35741
35742
35748
35784
35786
35789
35841
35842
35847
35862
35869
35874
35896
35962
35968
35984
35986
35987
36214
36215
36241
36245
36247
36248
36251
36254
36257
36258
36259
36512
36514
36521
36524
36541
36542
36547
36548
36574
36578
36584
36587
36589
36598
36841
36842
36845
36847
36851
36852
36854
36857
36859
36874
36875
36895
36951
36952
36954
36957
36958
36984
36985
36987
41235
41236
41253
41256
41257
41258
41259
41263
41265
41268
41269
41523
41526
41532
41536
41562
41563
41568
41569
41578
41586
41587
41589
41596
41598
42153
42156
42157
42158
42159
42351
42356
42357
42358
42359
42365
42368
42369
42536
42563
42568
42569
42578
42586
42587
42589
42596
42598
42635
42651
42653
42657
42658
42659
42685
42687
42689
42695
42698
45123
45126
45236
45263
45268
45269
45321
45326
45362
45368
45369
45621
45623
45632
45687
45689
45698
45786
45789
45862
45863
45869
45896
45962
45963
45968
45986
45987
47512
47521
47523
47526
47532
47536
47562
47563
47568
47569
47586
47589
47596
47598
47851
47852
47853
47856
47859
47862
47863
47865
47869
47895
47896
48512
48521
48523
48526
48532
48536
48562
48563
48569
48596
48621
48623
48625
48632
48635
48651
48652
48653
48657
48659
48695
48751
48752
48753
48756
48759
48951
48952
48953
48956
48957
48962
48963
48965
51236
51247
51248
51263
51268
51269
51423
51426
51478
51486
51487
51489
52147
52148
52368
52369
52478
52486
52487
52489
52684
52687
52689
52698
53214
53241
53247
53248
53268
53269
53621
53624
53684
53687
53689
53698
54123
54126
54236
54263
54268
54269
54786
54789
54862
54863
54869
54896
56214
56241
56247
56248
56321
56324
56841
56842
56847
56874
56984
56987
57412
57421
57423
57426
57486
57489
57841
57842
57862
57863
57869
57896
58412
58421
58423
58426
58621
58623
58624
58632
58741
58742
58962
58963
59621
59623
59624
59632
59684
59687
59841
59842
59847
59862
59863
59874
62145
62147
62148
62153
62154
62157
62158
62159
62351
62354
62357
62358
62359
62415
62451
62453
62457
62458
62459
62475
62478
62485
62487
62489
62514
62541
62547
62548
62574
62578
62584
62587
62589
62598
63214
63215
63241
63245
63247
63248
63251
63254
63257
63258
63259
63512
63514
63521
63524
63541
63542
63547
63548
63574
63578
63584
63587
63589
63598
65123
65124
65142
65147
65148
65214
65241
65247
65248
65321
65324
65412
65421
65423
65478
65487
65489
65741
65742
65748
65784
65789
65841
65842
65847
65874
65984
65987
68412
68415
68421
68423
68425
68451
68452
68453
68457
68459
68475
68512
68514
68521
68523
68524
68532
68541
68542
68547
68574
68741
68742
68745
68751
68752
68753
68754
68759
68951
68952
68953
68954
68957
69512
69514
69521
69523
69524
69532
69541
69542
69547
69548
69574
69578
69584
69587
69841
69842
69845
69847
69851
69852
69853
69854
69857
69874
69875
74123
74125
74126
74152
74153
74156
74158
74159
74215
74235
74236
74251
74253
74256
74258
74259
74263
74265
74268
74269
74512
74521
74523
74526
74532
74536
74562
74563
74568
74569
74586
74589
74596
74598
74851
74852
74853
74856
74859
74862
74863
74865
74869
74895
74896
75123
75124
75126
75142
75148
75214
75236
75241
75248
75263
75268
75269
75321
75324
75326
75362
75368
75369
75412
75421
75423
75426
75486
75489
75621
75623
75624
75632
75684
75689
75698
75841
75842
75862
75863
75869
75896
75962
75963
75968
75984
75986
78412
78415
78421
78423
78425
78426
78451
78452
78453
78456
78459
78512
78514
78521
78523
78524
78526
78532
78536
78541
78542
78562
78563
78569
78596
78621
78623
78624
78625
78632
78635
78651
78652
78653
78654
78659
78695
78951
78952
78953
78954
78956
78962
78963
78965
84123
84125
84126
84152
84153
84156
84157
84159
84215
84235
84236
84251
84253
84256
84257
84259
84263
84265
84269
84512
84521
84523
84526
84532
84536
84562
84563
84569
84596
84751
84752
84753
84756
84759
85123
85124
85126
85142
85147
85214
85236
85241
85247
85263
85269
85321
85324
85326
85362
85369
85412
85421
85423
85426
85621
85623
85624
85632
85741
85742
85962
85963
86214
86215
86235
86241
86245
86247
86251
86253
86254
86257
86259
86321
86324
86325
86351
86352
86354
86357
86359
86512
86514
86521
86523
86524
86532
86541
86542
86547
86574
86951
86952
86953
86954
86957
87412
87415
87421
87423
87425
87426
87451
87452
87453
87456
87459
87512
87514
87521
87523
87524
87526
87532
87536
87541
87542
87562
87563
87569
87596
89512
89514
89521
89523
89524
89526
89532
89536
89541
89542
89547
89562
89563
89574
89621
89623
89624
89625
89632
89635
89651
89652
89653
89654
89657
95123
95124
95126
95142
95147
95148
95214
95236
95241
95247
95248
95263
95268
95321
95324
95326
95362
95368
95412
95421
95423
95426
95478
95486
95487
95621
95623
95624
95632
95684
95687
95741
95742
95748
95784
95786
95841
95842
95847
95862
95863
95874
96214
96215
96235
96241
96245
96247
96248
96251
96253
96254
96257
96258
96321
96324
96325
96351
96352
96354
96357
96358
96512
96514
96521
96523
96524
96532
96541
96542
96547
96548
96574
96578
96584
96587
96841
96842
96845
96847
96851
96852
96853
96854
96857
96874
96875
98412
98415
98421
98423
98425
98426
98451
98452
98453
98456
98457
98475
98512
98514
98521
98523
98524
98526
98532
98536
98541
98542
98547
98562
98563
98574
98621
98623
98624
98625
98632
98635
98651
98652
98653
98654
98657
98741
98742
98745
98751
98752
98753
98754
98756
123547
123548
123568
123569
123574
123578
123584
123586
123587
123589
123596
123598
123654
123657
123658
123659
123684
123685
123687
123689
123695
123698
124536
124563
124568
124569
124578
124586
124587
124589
124596
124598
124753
124756
124758
124759
124785
124786
124789
124853
124856
124857
124859
124863
124865
124869
124875
124895
124896
125368
125369
125478
125486
125487
125489
125684
125687
125689
125698
125748
125784
125786
125789
125847
125863
125869
125874
125896
125963
125968
125984
125986
125987
126354
126357
126358
126359
126547
126548
126574
126578
126584
126587
126589
126598
126845
126847
126853
126854
126857
126859
126874
126875
126895
126953
126954
126957
126958
126984
126985
126987
142356
142357
142358
142359
142365
142368
142369
142536
142563
142568
142569
142578
142586
142587
142589
142596
142598
142635
142653
142657
142658
142659
142685
142687
142689
142695
142698
145236
145263
145268
145269
145326
145362
145368
145369
145623
145632
145687
145689
145698
145786
145789
145862
145863
145869
145896
145962
145963
145968
145986
145987
147523
147526
147532
147536
147562
147563
147568
147569
147586
147589
147596
147598
147852
147853
147856
147859
147862
147863
147865
147869
147895
147896
148523
148526
148532
148536
148562
148563
148569
148596
148623
148625
148632
148635
148652
148653
148657
148659
148695
148752
148753
148756
148759
148952
148953
148956
148957
148962
148963
148965
152368
152369
152478
152486
152487
152489
152684
152687
152689
152698
153247
153248
153268
153269
153624
153684
153687
153689
153698
154236
154263
154268
154269
154786
154789
154862
154863
154869
154896
156247
156248
156324
156842
156847
156874
156984
156987
157423
157426
157486
157489
157842
157862
157863
157869
157896
158423
158426
158623
158624
158632
158742
158962
158963
159623
159624
159632
159684
159687
159842
159847
159862
159863
159874
214536
214563
214568
214569
214578
214586
214587
214589
214596
214598
214753
214756
214758
214759
214785
214786
214789
214853
214856
214857
214859
214863
214865
214869
214875
214895
214896
215368
215369
215478
215486
215487
215489
215684
215687
215689
215698
215748
215784
215786
215789
215847
215863
215869
215874
215896
215963
215968
215984
215986
215987
235147
235148
235478
235486
235487
235489
235684
235687
235689
235698
235741
235748
235784
235786
235789
235841
235847
235869
235874
235896
235968
235984
235986
235987
236514
236541
236547
236548
236574
236578
236584
236587
236589
236598
236841
236845
236847
236851
236854
236857
236859
236874
236875
236895
236951
236954
236957
236958
236984
236985
236987
241536
241563
241568
241569
241578
241586
241587
241589
241596
241598
245368
245369
245687
245689
245698
245786
245789
245863
245869
245896
245963
245968
245986
245987
247536
247563
247568
247569
247586
247589
247596
247598
247851
247853
247856
247859
247863
247865
247869
247895
247896
248536
248563
248569
248596
248635
248651
248653
248657
248659
248695
248751
248753
248756
248759
248951
248953
248956
248957
248963
248965
251478
251486
251487
251489
253684
253687
253689
253698
254786
254789
254863
254869
254896
256841
256847
256874
256984
256987
257486
257489
257841
257863
257869
257896
258741
258963
259684
259687
259841
259847
259863
259874
263514
263541
263547
263548
263574
263578
263584
263587
263589
263598
265147
265148
265478
265487
265489
265741
265748
265784
265789
265841
265847
265874
265984
265987
268415
268451
268453
268457
268459
268475
268514
268541
268547
268574
268741
268745
268751
268753
268754
268759
268951
268953
268954
268957
269514
269541
269547
269548
269574
269578
269584
269587
269841
269845
269847
269851
269853
269854
269857
269874
269875
321456
321457
321458
321459
321475
321478
321485
321486
321487
321489
321547
321548
321568
321569
321574
321578
321584
321586
321587
321589
321596
321598
324156
324157
324158
324159
324568
324569
324578
324586
324587
324589
324596
324598
324751
324756
324758
324759
324785
324786
324789
324851
324856
324857
324859
324865
324869
324875
324895
324896
325147
325148
325478
325486
325487
325489
325684
325687
325689
325698
325741
325748
325784
325786
325789
325841
325847
325869
325874
325896
325968
325984
325986
325987
326514
326541
326547
326548
326574
326578
326584
326587
326589
326598
326841
326845
326847
326851
326854
326857
326859
326874
326875
326895
326951
326954
326957
326958
326984
326985
326987
351247
351248
351268
351269
351426
351478
351486
351487
351489
352147
352148
352478
352486
352487
352489
352684
352687
352689
352698
354126
354268
354269
354786
354789
354862
354869
354896
356214
356241
356247
356248
356841
356842
356847
356874
356984
356987
357412
357421
357426
357486
357489
357841
357842
357862
357869
357896
358412
358421
358426
358621
358624
358741
358742
358962
359621
359624
359684
359687
359841
359842
359847
359862
359874
362145
362147
362148
362154
362157
362158
362159
362415
362451
362457
362458
362459
362475
362478
362485
362487
362489
362514
362541
362547
362548
362574
362578
362584
362587
362589
362598
365124
365142
365147
365148
365214
365241
365247
365248
365412
365421
365478
365487
365489
365741
365742
365748
365784
365789
365841
365842
365847
365874
365984
365987
368412
368415
368421
368425
368451
368452
368457
368459
368475
368512
368514
368521
368524
368541
368542
368547
368574
368741
368742
368745
368751
368752
368754
368759
368951
368952
368954
368957
369512
369514
369521
369524
369541
369542
369547
369548
369574
369578
369584
369587
369841
369842
369845
369847
369851
369852
369854
369857
369874
369875
412356
412357
412358
412359
412365
412368
412369
412536
412563
412568
412569
412578
412586
412587
412589
412596
412598
412635
412653
412657
412658
412659
412685
412687
412689
412695
412698
415236
415263
415268
415269
415326
415362
415368
415369
415623
415632
415687
415689
415698
415786
415789
415862
415863
415869
415896
415962
415963
415968
415986
415987
421536
421563
421568
421569
421578
421586
421587
421589
421596
421598
423568
423569
423578
423586
423587
423589
423596
423598
423651
423657
423658
423659
423685
423687
423689
423695
423698
425368
425369
425687
425689
425698
425786
425789
425863
425869
425896
425963
425968
425986
425987
426351
426357
426358
426359
426578
426587
426589
426598
426851
426853
426857
426859
426875
426895
426951
426953
426957
426958
426985
426987
451236
451263
451268
451269
452368
452369
452687
452689
452698
453268
453269
453621
453687
453689
453698
456321
456987
457862
457863
457869
457896
458621
458623
458632
458962
458963
459621
459623
459632
459687
459862
459863
475123
475126
475236
475263
475268
475269
475321
475326
475362
475368
475369
475621
475623
475632
475689
475698
475862
475863
475869
475896
475962
475963
475968
475986
478512
478521
478523
478526
478532
478536
478562
478563
478569
478596
478621
478623
478625
478632
478635
478651
478652
478653
478659
478695
478951
478952
478953
478956
478962
478963
478965
485123
485126
485236
485263
485269
485321
485326
485362
485369
485621
485623
485632
485962
485963
486215
486235
486251
486253
486257
486259
486321
486325
486351
486352
486357
486359
486512
486521
486523
486532
486951
486952
486953
486957
487512
487521
487523
487526
487532
487536
487562
487563
487569
487596
489512
489521
489523
489526
489532
489536
489562
489563
489621
489623
489625
489632
489635
489651
489652
489653
489657
512368
512369
512478
512486
512487
512489
512684
512687
512689
512698
514236
514263
514268
514269
514786
514789
514862
514863
514869
514896
521478
521486
521487
521489
523684
523687
523689
523698
524786
524789
524863
524869
524896
526841
526847
526874
526984
526987
532147
532148
532478
532486
532487
532489
532684
532687
532689
532698
536214
536241
536247
536248
536841
536842
536847
536874
536984
536987
541236
541263
541268
541269
542368
542369
542687
542689
542698
547862
547863
547869
547896
548621
548623
548632
548962
548963
562147
562148
562478
562487
562489
563214
563241
563247
563248
568412
568421
568423
568741
568742
569841
569842
569847
569874
574123
574126
574236
574263
574268
574269
574862
574863
574869
574896
578412
578421
578423
578426
578621
578623
578624
578632
578962
578963
584123
584126
584236
584263
584269
586214
586241
586247
586321
586324
587412
587421
587423
587426
589621
589623
589624
589632
596214
596241
596247
596248
596321
596324
596841
596842
596847
596874
598412
598421
598423
598426
598621
598623
598624
598632
598741
598742
621453
621457
621458
621459
621475
621478
621485
621487
621489
621547
621548
621574
621578
621584
621587
621589
621598
623514
623541
623547
623548
623574
623578
623584
623587
623589
623598
624153
624157
624158
624159
624578
624587
624589
624598
624751
624753
624758
624759
624785
624789
624851
624853
624857
624859
624875
624895
625147
625148
625478
625487
625489
625741
625748
625784
625789
625841
625847
625874
625984
625987
632145
632147
632148
632154
632157
632158
632159
632415
632451
632457
632458
632459
632475
632478
632485
632487
632489
632514
632541
632547
632548
632574
632578
632584
632587
632589
632598
635124
635142
635147
635148
635214
635241
635247
635248
635412
635421
635478
635487
635489
635741
635742
635748
635784
635789
635841
635842
635847
635874
635984
635987
651247
651248
651423
651478
651487
651489
652147
652148
652478
652487
652489
653214
653241
653247
653248
654123
654789
657412
657421
657423
657489
657841
657842
658412
658421
658423
658741
658742
659841
659842
659847
659874
684123
684125
684152
684153
684157
684159
684215
684235
684251
684253
684257
684259
684512
684521
684523
684532
684751
684752
684753
684759
685123
685124
685142
685147
685214
685241
685247
685321
685324
685412
685421
685423
685741
685742
687412
687415
687421
687423
687425
687451
687452
687453
687459
687512
687514
687521
687523
687524
687532
687541
687542
689512
689514
689521
689523
689524
689532
689541
689542
689547
689574
695123
695124
695142
695147
695148
695214
695241
695247
695248
695321
695324
695412
695421
695423
695478
695487
695741
695742
695748
695784
695841
695842
695847
695874
698412
698415
698421
698423
698425
698451
698452
698453
698457
698475
698512
698514
698521
698523
698524
698532
698541
698542
698547
698574
698741
698742
698745
698751
698752
698753
698754
741235
741236
741253
741256
741258
741259
741263
741265
741268
741269
741523
741526
741532
741536
741562
741563
741568
741569
741586
741589
741596
741598
742153
742156
742158
742159
742351
742356
742358
742359
742365
742368
742369
742536
742563
742568
742569
742586
742589
742596
742598
742635
742651
742653
742658
742659
742685
742689
742695
742698
745123
745126
745236
745263
745268
745269
745321
745326
745362
745368
745369
745621
745623
745632
745689
745698
745862
745863
745869
745896
745962
745963
745968
745986
748512
748521
748523
748526
748532
748536
748562
748563
748569
748596
748621
748623
748625
748632
748635
748651
748652
748653
748659
748695
748951
748952
748953
748956
748962
748963
748965
751236
751248
751263
751268
751269
751423
751426
751486
751489
752148
752368
752369
752486
752489
752684
752689
752698
753214
753241
753248
753268
753269
753621
753624
753684
753689
753698
754123
754126
754236
754263
754268
754269
754862
754863
754869
754896
756214
756241
756248
756321
756324
756841
756842
756984
758412
758421
758423
758426
758621
758623
758624
758632
758962
758963
759621
759623
759624
759632
759684
759841
759842
759862
759863
784123
784125
784126
784152
784153
784156
784159
784215
784235
784236
784251
784253
784256
784259
784263
784265
784269
784512
784521
784523
784526
784532
784536
784562
784563
784569
784596
785123
785124
785126
785142
785214
785236
785241
785263
785269
785321
785324
785326
785362
785369
785412
785421
785423
785426
785621
785623
785624
785632
785962
785963
786214
786215
786235
786241
786245
786251
786253
786254
786259
786321
786324
786325
786351
786352
786354
786359
786512
786514
786521
786523
786524
786532
786541
786542
786951
786952
786953
786954
789512
789514
789521
789523
789524
789526
789532
789536
789541
789542
789562
789563
789621
789623
789624
789625
789632
789635
789651
789652
789653
789654
841235
841236
841253
841256
841257
841259
841263
841265
841269
841523
841526
841532
841536
841562
841563
841569
841596
842153
842156
842157
842159
842351
842356
842357
842359
842365
842369
842536
842563
842569
842596
842635
842651
842653
842657
842659
842695
845123
845126
845236
845263
845269
845321
845326
845362
845369
845621
845623
845632
845962
845963
847512
847521
847523
847526
847532
847536
847562
847563
847569
847596
851236
851247
851263
851269
851423
851426
852147
852369
853214
853241
853247
853269
853621
853624
854123
854126
854236
854263
854269
856214
856241
856247
856321
856324
857412
857421
857423
857426
859621
859623
859624
859632
862145
862147
862153
862154
862157
862159
862351
862354
862357
862359
862415
862451
862453
862457
862459
862475
862514
862541
862547
862574
863214
863215
863241
863245
863247
863251
863254
863257
863259
863512
863514
863521
863524
863541
863542
863547
863574
865123
865124
865142
865147
865214
865241
865247
865321
865324
865412
865421
865423
865741
865742
869512
869514
869521
869523
869524
869532
869541
869542
869547
869574
874123
874125
874126
874152
874153
874156
874159
874215
874235
874236
874251
874253
874256
874259
874263
874265
874269
874512
874521
874523
874526
874532
874536
874562
874563
874569
874596
875123
875124
875126
875142
875214
875236
875241
875263
875269
875321
875324
875326
875362
875369
875412
875421
875423
875426
875621
875623
875624
875632
875962
875963
895123
895124
895126
895142
895147
895214
895236
895241
895247
895263
895321
895324
895326
895362
895412
895421
895423
895426
895621
895623
895624
895632
895741
895742
896214
896215
896235
896241
896245
896247
896251
896253
896254
896257
896321
896324
896325
896351
896352
896354
896357
896512
896514
896521
896523
896524
896532
896541
896542
896547
896574
951236
951247
951248
951263
951268
951423
951426
951478
951486
951487
952147
952148
952368
952478
952486
952487
952684
952687
953214
953241
953247
953248
953268
953621
953624
953684
953687
954123
954126
954236
954263
954268
954786
954862
954863
956214
956241
956247
956248
956321
956324
956841
956842
956847
956874
957412
957421
957423
957426
957486
957841
957842
957862
957863
958412
958421
958423
958426
958621
958623
958624
958632
958741
958742
962145
962147
962148
962153
962154
962157
962158
962351
962354
962357
962358
962415
962451
962453
962457
962458
962475
962478
962485
962487
962514
962541
962547
962548
962574
962578
962584
962587
963214
963215
963241
963245
963247
963248
963251
963254
963257
963258
963512
963514
963521
963524
963541
963542
963547
963548
963574
963578
963584
963587
965123
965124
965142
965147
965148
965214
965241
965247
965248
965321
965324
965412
965421
965423
965478
965487
965741
965742
965748
965784
965841
965842
965847
965874
968412
968415
968421
968423
968425
968451
968452
968453
968457
968475
968512
968514
968521
968523
968524
968532
968541
968542
968547
968574
968741
968742
968745
968751
968752
968753
968754
984123
984125
984126
984152
984153
984156
984157
984215
984235
984236
984251
984253
984256
984257
984263
984265
984512
984521
984523
984526
984532
984536
984562
984563
984751
984752
984753
984756
985123
985124
985126
985142
985147
985214
985236
985241
985247
985263
985321
985324
985326
985362
985412
985421
985423
985426
985621
985623
985624
985632
985741
985742
986214
986215
986235
986241
986245
986247
986251
986253
986254
986257
986321
986324
986325
986351
986352
986354
986357
986512
986514
986521
986523
986524
986532
986541
986542
986547
986574
987412
987415
987421
987423
987425
987426
987451
987452
987453
987456
987512
987514
987521
987523
987524
987526
987532
987536
987541
987542
987562
987563
1235478
1235486
1235487
1235489
1235684
1235687
1235689
1235698
1235748
1235784
1235786
1235789
1235847
1235869
1235874
1235896
1235968
1235984
1235986
1235987
1236547
1236548
1236574
1236578
1236584
1236587
1236589
1236598
1236845
1236847
1236854
1236857
1236859
1236874
1236875
1236895
1236954
1236957
1236958
1236984
1236985
1236987
1245368
1245369
1245687
1245689
1245698
1245786
1245789
1245863
1245869
1245896
1245963
1245968
1245986
1245987
1247536
1247563
1247568
1247569
1247586
1247589
1247596
1247598
1247853
1247856
1247859
1247863
1247865
1247869
1247895
1247896
1248536
1248563
1248569
1248596
1248635
1248653
1248657
1248659
1248695
1248753
1248756
1248759
1248953
1248956
1248957
1248963
1248965
1253684
1253687
1253689
1253698
1254786
1254789
1254863
1254869
1254896
1256847
1256874
1256984
1256987
1257486
1257489
1257863
1257869
1257896
1258963
1259684
1259687
1259847
1259863
1259874
1263547
1263548
1263574
1263578
1263584
1263587
1263589
1263598
1265478
1265487
1265489
1265748
1265784
1265789
1265847
1265874
1265984
1265987
1268453
1268457
1268459
1268475
1268547
1268574
1268745
1268753
1268754
1268759
1268953
1268954
1268957
1269547
1269548
1269574
1269578
1269584
1269587
1269845
1269847
1269853
1269854
1269857
1269874
1269875
1423568
1423569
1423578
1423586
1423587
1423589
1423596
1423598
1423657
1423658
1423659
1423685
1423687
1423689
1423695
1423698
1425368
1425369
1425687
1425689
1425698
1425786
1425789
1425863
1425869
1425896
1425963
1425968
1425986
1425987
1426357
1426358
1426359
1426578
1426587
1426589
1426598
1426853
1426857
1426859
1426875
1426895
1426953
1426957
1426958
1426985
1426987
1452368
1452369
1452687
1452689
1452698
1453268
1453269
1453687
1453689
1453698
1456987
1457862
1457863
1457869
1457896
1458623
1458632
1458962
1458963
1459623
1459632
1459687
1459862
1459863
1475236
1475263
1475268
1475269
1475326
1475362
1475368
1475369
1475623
1475632
1475689
1475698
1475862
1475863
1475869
1475896
1475962
1475963
1475968
1475986
1478523
1478526
1478532
1478536
1478562
1478563
1478569
1478596
1478623
1478625
1478632
1478635
1478652
1478653
1478659
1478695
1478952
1478953
1478956
1478962
1478963
1478965
1485236
1485263
1485269
1485326
1485362
1485369
1485623
1485632
1485962
1485963
1486235
1486253
1486257
1486259
1486325
1486352
1486357
1486359
1486523
1486532
1486952
1486953
1486957
1487523
1487526
1487532
1487536
1487562
1487563
1487569
1487596
1489523
1489526
1489532
1489536
1489562
1489563
1489623
1489625
1489632
1489635
1489652
1489653
1489657
1523684
1523687
1523689
1523698
1524786
1524789
1524863
1524869
1524896
1526847
1526874
1526984
1526987
1532478
1532486
1532487
1532489
1532684
1532687
1532689
1532698
1536247
1536248
1536842
1536847
1536874
1536984
1536987
1542368
1542369
1542687
1542689
1542698
1547862
1547863
1547869
1547896
1548623
1548632
1548962
1548963
1562478
1562487
1562489
1563247
1563248
1568423
1568742
1569842
1569847
1569874
1574236
1574263
1574268
1574269
1574862
1574863
1574869
1574896
1578423
1578426
1578623
1578624
1578632
1578962
1578963
1584236
1584263
1584269
1586247
1586324
1587423
1587426
1589623
1589624
1589632
1596247
1596248
1596324
1596842
1596847
1596874
1598423
1598426
1598623
1598624
1598632
1598742
2145368
2145369
2145687
2145689
2145698
2145786
2145789
2145863
2145869
2145896
2145963
2145968
2145986
2145987
2147536
2147563
2147568
2147569
2147586
2147589
2147596
2147598
2147853
2147856
2147859
2147863
2147865
2147869
2147895
2147896
2148536
2148563
2148569
2148596
2148635
2148653
2148657
2148659
2148695
2148753
2148756
2148759
2148953
2148956
2148957
2148963
2148965
2153684
2153687
2153689
2153698
2154786
2154789
2154863
2154869
2154896
2156847
2156874
2156984
2156987
2157486
2157489
2157863
2157869
2157896
2158963
2159684
2159687
2159847
2159863
2159874
2351478
2351486
2351487
2351489
2354786
2354789
2354869
2354896
2356841
2356847
2356874
2356984
2356987
2357486
2357489
2357841
2357869
2357896
2358741
2359684
2359687
2359841
2359847
2359874
2365147
2365148
2365478
2365487
2365489
2365741
2365748
2365784
2365789
2365841
2365847
2365874
2365984
2365987
2368415
2368451
2368457
2368459
2368475
2368514
2368541
2368547
2368574
2368741
2368745
2368751
2368754
2368759
2368951
2368954
2368957
2369514
2369541
2369547
2369548
2369574
2369578
2369584
2369587
2369841
2369845
2369847
2369851
2369854
2369857
2369874
2369875
2415368
2415369
2415687
2415689
2415698
2415786
2415789
2415863
2415869
2415896
2415963
2415968
2415986
2415987
2453687
2453689
2453698
2456987
2457863
2457869
2457896
2458963
2459687
2459863
2475368
2475369
2475689
2475698
2475863
2475869
2475896
2475963
2475968
2475986
2478536
2478563
2478569
2478596
2478635
2478651
2478653
2478659
2478695
2478951
2478953
2478956
2478963
2478965
2485369
2485963
2486351
2486357
2486359
2486951
2486953
2486957
2487536
2487563
2487569
2487596
2489536
2489563
2489635
2489651
2489653
2489657
2514786
2514789
2514863
2514869
2514896
2536841
2536847
2536874
2536984
2536987
2547863
2547869
2547896
2548963
2568741
2569841
2569847
2569874
2574863
2574869
2574896
2578963
2596841
2596847
2596874
2598741
2635147
2635148
2635478
2635487
2635489
2635741
2635748
2635784
2635789
2635841
2635847
2635874
2635984
2635987
2651478
2651487
2651489
2654789
2657489
2657841
2658741
2659841
2659847
2659874
2684153
2684157
2684159
2684751
2684753
2684759
2685147
2685741
2687415
2687451
2687453
2687459
2687514
2687541
2689514
2689541
2689547
2689574
2695147
2695148
2695478
2695487
2695741
2695748
2695784
2695841
2695847
2695874
2698415
2698451
2698453
2698457
2698475
2698514
2698541
2698547
2698574
2698741
2698745
2698751
2698753
2698754
3214568
3214569
3214578
3214586
3214587
3214589
3214596
3214598
3214756
3214758
3214759
3214785
3214786
3214789
3214856
3214857
3214859
3214865
3214869
3214875
3214895
3214896
3215478
3215486
3215487
3215489
3215684
3215687
3215689
3215698
3215748
3215784
3215786
3215789
3215847
3215869
3215874
3215896
3215968
3215984
3215986
3215987
3241568
3241569
3241578
3241586
3241587
3241589
3241596
3241598
3245687
3245689
3245698
3245786
3245789
3245869
3245896
3245968
3245986
3245987
3247568
3247569
3247586
3247589
3247596
3247598
3247851
3247856
3247859
3247865
3247869
3247895
3247896
3248569
3248596
3248651
3248657
3248659
3248695
3248751
3248756
3248759
3248951
3248956
3248957
3248965
3251478
3251486
3251487
3251489
3254786
3254789
3254869
3254896
3256841
3256847
3256874
3256984
3256987
3257486
3257489
3257841
3257869
3257896
3258741
3259684
3259687
3259841
3259847
3259874
3265147
3265148
3265478
3265487
3265489
3265741
3265748
3265784
3265789
3265841
3265847
3265874
3265984
3265987
3268415
3268451
3268457
3268459
3268475
3268514
3268541
3268547
3268574
3268741
3268745
3268751
3268754
3268759
3268951
3268954
3268957
3269514
3269541
3269547
3269548
3269574
3269578
3269584
3269587
3269841
3269845
3269847
3269851
3269854
3269857
3269874
3269875
3512478
3512486
3512487
3512489
3512684
3512687
3512689
3512698
3514268
3514269
3514786
3514789
3514862
3514869
3514896
3521478
3521486
3521487
3521489
3524786
3524789
3524869
3524896
3526841
3526847
3526874
3526984
3526987
3541268
3541269
3542687
3542689
3542698
3547862
3547869
3547896
3548621
3548962
3562147
3562148
3562478
3562487
3562489
3568412
3568421
3568741
3568742
3569841
3569842
3569847
3569874
3574126
3574268
3574269
3574862
3574869
3574896
3578412
3578421
3578426
3578621
3578624
3578962
3584126
3584269
3586214
3586241
3586247
3587412
3587421
3587426
3589621
3589624
3596214
3596241
3596247
3596248
3596841
3596842
3596847
3596874
3598412
3598421
3598426
3598621
3598624
3598741
3598742
3621457
3621458
3621459
3621475
3621478
3621485
3621487
3621489
3621547
3621548
3621574
3621578
3621584
3621587
3621589
3621598
3624157
3624158
3624159
3624578
3624587
3624589
3624598
3624751
3624758
3624759
3624785
3624789
3624851
3624857
3624859
3624875
3624895
3625147
3625148
3625478
3625487
3625489
3625741
3625748
3625784
3625789
3625841
3625847
3625874
3625984
3625987
3651247
3651248
3651478
3651487
3651489
3652147
3652148
3652478
3652487
3652489
3654789
3657412
3657421
3657489
3657841
3657842
3658412
3658421
3658741
3658742
3659841
3659842
3659847
3659874
3684125
3684152
3684157
3684159
3684215
3684251
3684257
3684259
3684512
3684521
3684751
3684752
3684759
3685124
3685142
3685147
3685214
3685241
3685247
3685412
3685421
3685741
3685742
3687412
3687415
3687421
3687425
3687451
3687452
3687459
3687512
3687514
3687521
3687524
3687541
3687542
3689512
3689514
3689521
3689524
3689541
3689542
3689547
3689574
3695124
3695142
3695147
3695148
3695214
3695241
3695247
3695248
3695412
3695421
3695478
3695487
3695741
3695742
3695748
3695784
3695841
3695842
3695847
3695874
3698412
3698415
3698421
3698425
3698451
3698452
3698457
3698475
3698512
3698514
3698521
3698524
3698541
3698542
3698547
3698574
3698741
3698742
3698745
3698751
3698752
3698754
4123568
4123569
4123578
4123586
4123587
4123589
4123596
4123598
4123657
4123658
4123659
4123685
4123687
4123689
4123695
4123698
4125368
4125369
4125687
4125689
4125698
4125786
4125789
4125863
4125869
4125896
4125963
4125968
4125986
4125987
4126357
4126358
4126359
4126578
4126587
4126589
4126598
4126853
4126857
4126859
4126875
4126895
4126953
4126957
4126958
4126985
4126987
4152368
4152369
4152687
4152689
4152698
4153268
4153269
4153687
4153689
4153698
4156987
4157862
4157863
4157869
4157896
4158623
4158632
4158962
4158963
4159623
4159632
4159687
4159862
4159863
4215368
4215369
4215687
4215689
4215698
4215786
4215789
4215863
4215869
4215896
4215963
4215968
4215986
4215987
4235687
4235689
4235698
4235786
4235789
4235869
4235896
4235968
4235986
4235987
4236578
4236587
4236589
4236598
4236851
4236857
4236859
4236875
4236895
4236951
4236957
4236958
4236985
4236987
4253687
4253689
4253698
4256987
4257863
4257869
4257896
4258963
4259687
4259863
4263578
4263587
4263589
4263598
4265789
4265987
4268751
4268753
4268759
4268951
4268953
4268957
4269578
4269587
4269851
4269853
4269857
4269875
4512368
4512369
4512687
4512689
4512698
4523687
4523689
4523698
4526987
4532687
4532689
4532698
4536987
4578621
4578623
4578632
4578962
4578963
4586321
4589621
4589623
4589632
4596321
4598621
4598623
4598632
4751236
4751263
4751268
4751269
4752368
4752369
4752689
4752698
4753268
4753269
4753621
4753689
4753698
4756321
4758621
4758623
4758632
4758962
4758963
4759621
4759623
4759632
4759862
4759863
4785123
4785126
4785236
4785263
4785269
4785321
4785326
4785362
4785369
4785621
4785623
4785632
4785962
4785963
4786215
4786235
4786251
4786253
4786259
4786321
4786325
4786351
4786352
4786359
4786512
4786521
4786523
4786532
4786951
4786952
4786953
4789512
4789521
4789523
4789526
4789532
4789536
4789562
4789563
4789621
4789623
4789625
4789632
4789635
4789651
4789652
4789653
4851236
4851263
4851269
4852369
4853269
4853621
4856321
4859621
4859623
4859632
4862153
4862157
4862159
4862351
4862357
4862359
4863215
4863251
4863257
4863259
4863512
4863521
4865123
4865321
4869512
4869521
4869523
4869532
4875123
4875126
4875236
4875263
4875269
4875321
4875326
4875362
4875369
4875621
4875623
4875632
4875962
4875963
4895123
4895126
4895236
4895263
4895321
4895326
4895362
4895621
4895623
4895632
4896215
4896235
4896251
4896253
4896257
4896321
4896325
4896351
4896352
4896357
4896512
4896521
4896523
4896532
5123684
5123687
5123689
5123698
5124786
5124789
5124863
5124869
5124896
5126847
5126874
5126984
5126987
5142368
5142369
5142687
5142689
5142698
5147862
5147863
5147869
5147896
5148623
5148632
5148962
5148963
5214786
5214789
5214863
5214869
5214896
5236841
5236847
5236874
5236984
5236987
5247863
5247869
5247896
5248963
5268741
5269841
5269847
5269874
5321478
5321486
5321487
5321489
5324786
5324789
5324869
5324896
5326841
5326847
5326874
5326984
5326987
5362147
5362148
5362478
5362487
5362489
5368412
5368421
5368741
5368742
5369841
5369842
5369847
5369874
5412368
5412369
5412687
5412689
5412698
5423687
5423689
5423698
5426987
5478621
5478623
5478632
5478962
5478963
5486321
5489621
5489623
5489632
5621478
5621487
5621489
5624789
5632147
5632148
5632478
5632487
5632489
5684123
5687412
5687421
5687423
5698412
5698421
5698423
5698741
5698742
5741236
5741263
5741268
5741269
5742368
5742369
5742689
5742698
5748621
5748623
5748632
5748962
5748963
5784123
5784126
5784236
5784263
5784269
5786214
5786241
5786321
5786324
5789621
5789623
5789624
5789632
5841236
5841263
5841269
5842369
5862147
5863214
5863241
5863247
5874123
5874126
5874236
5874263
5874269
5896214
5896241
5896247
5896321
5896324
5962147
5962148
5962478
5962487
5963214
5963241
5963247
5963248
5968412
5968421
5968423
5968741
5968742
5984123
5984126
5984236
5984263
5986214
5986241
5986247
5986321
5986324
5987412
5987421
5987423
5987426
6214578
6214587
6214589
6214598
6214753
6214758
6214759
6214785
6214789
6214853
6214857
6214859
6214875
6214895
6215478
6215487
6215489
6215748
6215784
6215789
6215847
6215874
6215984
6215987
6235147
6235148
6235478
6235487
6235489
6235741
6235748
6235784
6235789
6235841
6235847
6235874
6235984
6235987
6241578
6241587
6241589
6241598
6245789
6245987
6247589
6247598
6247851
6247853
6247859
6247895
6248751
6248753
6248759
6248951
6248953
6248957
6251478
6251487
6251489
6254789
6257489
6257841
6258741
6259841
6259847
6259874
6321457
6321458
6321459
6321475
6321478
6321485
6321487
6321489
6321547
6321548
6321574
6321578
6321584
6321587
6321589
6321598
6324157
6324158
6324159
6324578
6324587
6324589
6324598
6324751
6324758
6324759
6324785
6324789
6324851
6324857
6324859
6324875
6324895
6325147
6325148
6325478
6325487
6325489
6325741
6325748
6325784
6325789
6325841
6325847
6325874
6325984
6325987
6351247
6351248
6351478
6351487
6351489
6352147
6352148
6352478
6352487
6352489
6354789
6357412
6357421
6357489
6357841
6357842
6358412
6358421
6358741
6358742
6359841
6359842
6359847
6359874
6512478
6512487
6512489
6514789
6521478
6521487
6521489
6524789
6532147
6532148
6532478
6532487
6532489
6574123
6578412
6578421
6578423
6584123
6587412
6587421
6587423
6598412
6598421
6598423
6598741
6598742
6841235
6841253
6841257
6841259
6841523
6841532
6842153
6842157
6842159
6842351
6842357
6842359
6845123
6845321
6847512
6847521
6847523
6847532
6851247
6851423
6852147
6853214
6853241
6853247
6854123
6857412
6857421
6857423
6874123
6874125
6874152
6874153
6874159
6874215
6874235
6874251
6874253
6874259
6874512
6874521
6874523
6874532
6875123
6875124
6875142
6875214
6875241
6875321
6875324
6875412
6875421
6875423
6895123
6895124
6895142
6895147
6895214
6895241
6895247
6895321
6895324
6895412
6895421
6895423
6895741
6895742
6951247
6951248
6951423
6951478
6951487
6952147
6952148
6952478
6952487
6953214
6953241
6953247
6953248
6954123
6957412
6957421
6957423
6957841
6957842
6958412
6958421
6958423
6958741
6958742
6984123
6984125
6984152
6984153
6984157
6984215
6984235
6984251
6984253
6984257
6984512
6984521
6984523
6984532
6984751
6984752
6984753
6985123
6985124
6985142
6985147
6985214
6985241
6985247
6985321
6985324
6985412
6985421
6985423
6985741
6985742
6987412
6987415
6987421
6987423
6987425
6987451
6987452
6987453
6987512
6987514
6987521
6987523
6987524
6987532
6987541
6987542
7412356
7412358
7412359
7412365
7412368
7412369
7412536
7412563
7412568
7412569
7412586
7412589
7412596
7412598
7412635
7412653
7412658
7412659
7412685
7412689
7412695
7412698
7415236
7415263
7415268
7415269
7415326
7415362
7415368
7415369
7415623
7415632
7415689
7415698
7415862
7415863
7415869
7415896
7415962
7415963
7415968
7415986
7421536
7421563
7421568
7421569
7421586
7421589
7421596
7421598
7423568
7423569
7423586
7423589
7423596
7423598
7423651
7423658
7423659
7423685
7423689
7423695
7423698
7425368
7425369
7425689
7425698
7425863
7425869
7425896
7425963
7425968
7425986
7426351
7426358
7426359
7426589
7426598
7426851
7426853
7426859
7426895
7426951
7426953
7426958
7426985
7451236
7451263
7451268
7451269
7452368
7452369
7452689
7452698
7453268
7453269
7453621
7453689
7453698
7456321
7458621
7458623
7458632
7458962
7458963
7459621
7459623
7459632
7459862
7459863
7485123
7485126
7485236
7485263
7485269
7485321
7485326
7485362
7485369
7485621
7485623
7485632
7485962
7485963
7486215
7486235
7486251
7486253
7486259
7486321
7486325
7486351
7486352
7486359
7486512
7486521
7486523
7486532
7486951
7486952
7486953
7489512
7489521
7489523
7489526
7489532
7489536
7489562
7489563
7489621
7489623
7489625
7489632
7489635
7489651
7489652
7489653
7512368
7512369
7512486
7512489
7512684
7512689
7512698
7514236
7514263
7514268
7514269
7514862
7514863
7514869
7514896
7521486
7521489
7523684
7523689
7523698
7524863
7524869
7524896
7526841
7526984
7532148
7532486
7532489
7532684
7532689
7532698
7536214
7536241
7536248
7536841
7536842
7536984
7541236
7541263
7541268
7541269
7542368
7542369
7542689
7542698
7548621
7548623
7548632
7548962
7548963
7562148
7562489
7563214
7563241
7563248
7568412
7568421
7568423
7569841
7569842
7584123
7584126
7584236
7584263
7584269
7586214
7586241
7586321
7586324
7589621
7589623
7589624
7589632
7596214
7596241
7596248
7596321
7596324
7596841
7596842
7598412
7598421
7598423
7598426
7598621
7598623
7598624
7598632
7841235
7841236
7841253
7841256
7841259
7841263
7841265
7841269
7841523
7841526
7841532
7841536
7841562
7841563
7841569
7841596
7842153
7842156
7842159
7842351
7842356
7842359
7842365
7842369
7842536
7842563
7842569
7842596
7842635
7842651
7842653
7842659
7842695
7845123
7845126
7845236
7845263
7845269
7845321
7845326
7845362
7845369
7845621
7845623
7845632
7845962
7845963
7851236
7851263
7851269
7851423
7851426
7852369
7853214
7853241
7853269
7853621
7853624
7854123
7854126
7854236
7854263
7854269
7856214
7856241
7856321
7856324
7859621
7859623
7859624
7859632
7862145
7862153
7862154
7862159
7862351
7862354
7862359
7862415
7862451
7862453
7862459
7862514
7862541
7863214
7863215
7863241
7863245
7863251
7863254
7863259
7863512
7863514
7863521
7863524
7863541
7863542
7865123
7865124
7865142
7865214
7865241
7865321
7865324
7865412
7865421
7865423
7869512
7869514
7869521
7869523
7869524
7869532
7869541
7869542
7895123
7895124
7895126
7895142
7895214
7895236
7895241
7895263
7895321
7895324
7895326
7895362
7895412
7895421
7895423
7895426
7895621
7895623
7895624
7895632
7896214
7896215
7896235
7896241
7896245
7896251
7896253
7896254
7896321
7896324
7896325
7896351
7896352
7896354
7896512
7896514
7896521
7896523
7896524
7896532
7896541
7896542
8412356
8412357
8412359
8412365
8412369
8412536
8412563
8412569
8412596
8412635
8412653
8412657
8412659
8412695
8415236
8415263
8415269
8415326
8415362
8415369
8415623
8415632
8415962
8415963
8421536
8421563
8421569
8421596
8423569
8423596
8423651
8423657
8423659
8423695
8425369
8425963
8426351
8426357
8426359
8426951
8426953
8426957
8451236
8451263
8451269
8452369
8453269
8453621
8456321
8459621
8459623
8459632
8475123
8475126
8475236
8475263
8475269
8475321
8475326
8475362
8475369
8475621
8475623
8475632
8475962
8475963
8512369
8514236
8514263
8514269
8532147
8536214
8536241
8536247
8541236
8541263
8541269
8542369
8562147
8563214
8563241
8563247
8574123
8574126
8574236
8574263
8574269
8596214
8596241
8596247
8596321
8596324
8621453
8621457
8621459
8621475
8621547
8621574
8623514
8623541
8623547
8623574
8624153
8624157
8624159
8624751
8624753
8624759
8625147
8625741
8632145
8632147
8632154
8632157
8632159
8632415
8632451
8632457
8632459
8632475
8632514
8632541
8632547
8632574
8635124
8635142
8635147
8635214
8635241
8635247
8635412
8635421
8635741
8635742
8651247
8651423
8652147
8653214
8653241
8653247
8654123
8657412
8657421
8657423
8695123
8695124
8695142
8695147
8695214
8695241
8695247
8695321
8695324
8695412
8695421
8695423
8695741
8695742
8741235
8741236
8741253
8741256
8741259
8741263
8741265
8741269
8741523
8741526
8741532
8741536
8741562
8741563
8741569
8741596
8742153
8742156
8742159
8742351
8742356
8742359
8742365
8742369
8742536
8742563
8742569
8742596
8742635
8742651
8742653
8742659
8742695
8745123
8745126
8745236
8745263
8745269
8745321
8745326
8745362
8745369
8745621
8745623
8745632
8745962
8745963
8751236
8751263
8751269
8751423
8751426
8752369
8753214
8753241
8753269
8753621
8753624
8754123
8754126
8754236
8754263
8754269
8756214
8756241
8756321
8756324
8759621
8759623
8759624
8759632
8951236
8951247
8951263
8951423
8951426
8952147
8953214
8953241
8953247
8953621
8953624
8954123
8954126
8954236
8954263
8956214
8956241
8956247
8956321
8956324
8957412
8957421
8957423
8957426
8962145
8962147
8962153
8962154
8962157
8962351
8962354
8962357
8962415
8962451
8962453
8962457
8962475
8962514
8962541
8962547
8962574
8963214
8963215
8963241
8963245
8963247
8963251
8963254
8963257
8963512
8963514
8963521
8963524
8963541
8963542
8963547
8963574
8965123
8965124
8965142
8965147
8965214
8965241
8965247
8965321
8965324
8965412
8965421
8965423
8965741
8965742
9512368
9512478
9512486
9512487
9512684
9512687
9514236
9514263
9514268
9514786
9514862
9514863
9521478
9521486
9521487
9523684
9523687
9524786
9524863
9526841
9526847
9526874
9532147
9532148
9532478
9532486
9532487
9532684
9532687
9536214
9536241
9536247
9536248
9536841
9536842
9536847
9536874
9541236
9541263
9541268
9542368
9542687
9547862
9547863
9548621
9548623
9548632
9562147
9562148
9562478
9562487
9563214
9563241
9563247
9563248
9568412
9568421
9568423
9568741
9568742
9574123
9574126
9574236
9574263
9574268
9574862
9574863
9578412
9578421
9578423
9578426
9578621
9578623
9578624
9578632
9584123
9584126
9584236
9584263
9586214
9586241
9586247
9586321
9586324
9587412
9587421
9587423
9587426
9621453
9621457
9621458
9621475
9621478
9621485
9621487
9621547
9621548
9621574
9621578
9621584
9621587
9623514
9623541
9623547
9623548
9623574
9623578
9623584
9623587
9624153
9624157
9624158
9624578
9624587
9624751
9624753
9624758
9624785
9624851
9624853
9624857
9624875
9625147
9625148
9625478
9625487
9625741
9625748
9625784
9625841
9625847
9625874
9632145
9632147
9632148
9632154
9632157
9632158
9632415
9632451
9632457
9632458
9632475
9632478
9632485
9632487
9632514
9632541
9632547
9632548
9632574
9632578
9632584
9632587
9635124
9635142
9635147
9635148
9635214
9635241
9635247
9635248
9635412
9635421
9635478
9635487
9635741
9635742
9635748
9635784
9635841
9635842
9635847
9635874
9651247
9651248
9651423
9651478
9651487
9652147
9652148
9652478
9652487
9653214
9653241
9653247
9653248
9654123
9657412
9657421
9657423
9657841
9657842
9658412
9658421
9658423
9658741
9658742
9684123
9684125
9684152
9684153
9684157
9684215
9684235
9684251
9684253
9684257
9684512
9684521
9684523
9684532
9684751
9684752
9684753
9685123
9685124
9685142
9685147
9685214
9685241
9685247
9685321
9685324
9685412
9685421
9685423
9685741
9685742
9687412
9687415
9687421
9687423
9687425
9687451
9687452
9687453
9687512
9687514
9687521
9687523
9687524
9687532
9687541
9687542
9841235
9841236
9841253
9841256
9841257
9841263
9841265
9841523
9841526
9841532
9841536
9841562
9841563
9842153
9842156
9842157
9842351
9842356
9842357
9842365
9842536
9842563
9842635
9842651
9842653
9842657
9845123
9845126
9845236
9845263
9845321
9845326
9845362
9845621
9845623
9845632
9847512
9847521
9847523
9847526
9847532
9847536
9847562
9847563
9851236
9851247
9851263
9851423
9851426
9852147
9853214
9853241
9853247
9853621
9853624
9854123
9854126
9854236
9854263
9856214
9856241
9856247
9856321
9856324
9857412
9857421
9857423
9857426
9862145
9862147
9862153
9862154
9862157
9862351
9862354
9862357
9862415
9862451
9862453
9862457
9862475
9862514
9862541
9862547
9862574
9863214
9863215
9863241
9863245
9863247
9863251
9863254
9863257
9863512
9863514
9863521
9863524
9863541
9863542
9863547
9863574
9865123
9865124
9865142
9865147
9865214
9865241
9865247
9865321
9865324
9865412
9865421
9865423
9865741
9865742
9874123
9874125
9874126
9874152
9874153
9874156
9874215
9874235
9874236
9874251
9874253
9874256
9874263
9874265
9874512
9874521
9874523
9874526
9874532
9874536
9874562
9874563
9875123
9875124
9875126
9875142
9875214
9875236
9875241
9875263
9875321
9875324
9875326
9875362
9875412
9875421
9875423
9875426
9875621
9875623
9875624
9875632
12354786
12354789
12354869
12354896
12356847
12356874
12356984
12356987
12357486
12357489
12357869
12357896
12359684
12359687
12359847
12359874
12365478
12365487
12365489
12365748
12365784
12365789
12365847
12365874
12365984
12365987
12368457
12368459
12368475
12368547
12368574
12368745
12368754
12368759
12368954
12368957
12369547
12369548
12369574
12369578
12369584
12369587
12369845
12369847
12369854
12369857
12369874
12369875
12453687
12453689
12453698
12456987
12457863
12457869
12457896
12458963
12459687
12459863
12475368
12475369
12475689
12475698
12475863
12475869
12475896
12475963
12475968
12475986
12478536
12478563
12478569
12478596
12478635
12478653
12478659
12478695
12478953
12478956
12478963
12478965
12485369
12485963
12486357
12486359
12486953
12486957
12487536
12487563
12487569
12487596
12489536
12489563
12489635
12489653
12489657
12536847
12536874
12536984
12536987
12547863
12547869
12547896
12548963
12569847
12569874
12574863
12574869
12574896
12578963
12596847
12596874
12635478
12635487
12635489
12635748
12635784
12635789
12635847
12635874
12635984
12635987
12654789
12657489
12659847
12659874
12684753
12684759
12687453
12687459
12689547
12689574
12695478
12695487
12695748
12695784
12695847
12695874
12698453
12698457
12698475
12698547
12698574
12698745
12698753
12698754
14235687
14235689
14235698
14235786
14235789
14235869
14235896
14235968
14235986
14235987
14236578
14236587
14236589
14236598
14236857
14236859
14236875
14236895
14236957
14236958
14236985
14236987
14253687
14253689
14253698
14256987
14257863
14257869
14257896
14258963
14259687
14259863
14263578
14263587
14263589
14263598
14265789
14265987
14268753
14268759
14268953
14268957
14269578
14269587
14269853
14269857
14269875
14523687
14523689
14523698
14526987
14532687
14532689
14532698
14536987
14578623
14578632
14578962
14578963
14589623
14589632
14598623
14598632
14752368
14752369
14752689
14752698
14753268
14753269
14753689
14753698
14758623
14758632
14758962
14758963
14759623
14759632
14759862
14759863
14785236
14785263
14785269
14785326
14785362
14785369
14785623
14785632
14785962
14785963
14786235
14786253
14786259
14786325
14786352
14786359
14786523
14786532
14786952
14786953
14789523
14789526
14789532
14789536
14789562
14789563
14789623
14789625
14789632
14789635
14789652
14789653
14852369
14853269
14859623
14859632
14862357
14862359
14863257
14863259
14869523
14869532
14875236
14875263
14875269
14875326
14875362
14875369
14875623
14875632
14875962
14875963
14895236
14895263
14895326
14895362
14895623
14895632
14896235
14896253
14896257
14896325
14896352
14896357
14896523
14896532
15236847
15236874
15236984
15236987
15247863
15247869
15247896
15248963
15269847
15269874
15324786
15324789
15324869
15324896
15326847
15326874
15326984
15326987
15362478
15362487
15362489
15368742
15369842
15369847
15369874
15423687
15423689
15423698
15426987
15478623
15478632
15478962
15478963
15489623
15489632
15624789
15632478
15632487
15632489
15687423
15698423
15698742
15742368
15742369
15742689
15742698
15748623
15748632
15748962
15748963
15784236
15784263
15784269
15786324
15789623
15789624
15789632
15842369
15863247
15874236
15874263
15874269
15896247
15896324
15962478
15962487
15963247
15963248
15968423
15968742
15984236
15984263
15986247
15986324
15987423
15987426
21453687
21453689
21453698
21456987
21457863
21457869
21457896
21458963
21459687
21459863
21475368
21475369
21475689
21475698
21475863
21475869
21475896
21475963
21475968
21475986
21478536
21478563
21478569
21478596
21478635
21478653
21478659
21478695
21478953
21478956
21478963
21478965
21485369
21485963
21486357
21486359
21486953
21486957
21487536
21487563
21487569
21487596
21489536
21489563
21489635
21489653
21489657
21536847
21536874
21536984
21536987
21547863
21547869
21547896
21548963
21569847
21569874
21574863
21574869
21574896
21578963
21596847
21596874
23514786
23514789
23514869
23514896
23547869
23547896
23568741
23569841
23569847
23569874
23574869
23574896
23596841
23596847
23596874
23598741
23651478
23651487
23651489
23654789
23657489
23657841
23658741
23659841
23659847
23659874
23684157
23684159
23684751
23684759
23685147
23685741
23687415
23687451
23687459
23687514
23687541
23689514
23689541
23689547
23689574
23695147
23695148
23695478
23695487
23695741
23695748
23695784
23695841
23695847
23695874
23698415
23698451
23698457
23698475
23698514
23698541
23698547
23698574
23698741
23698745
23698751
23698754
24153687
24153689
24153698
24156987
24157863
24157869
24157896
24158963
24159687
24159863
24536987
24578963
24753689
24753698
24758963
24759863
24785369
24785963
24786351
24786359
24786951
24786953
24789536
24789563
24789635
24789651
24789653
24875369
24875963
24896351
24896357
25147863
25147869
25147896
25148963
25368741
25369841
25369847
25369874
25478963
25698741
25748963
25968741
26351478
26351487
26351489
26354789
26357489
26357841
26358741
26359841
26359847
26359874
26514789
26598741
26874153
26874159
26895147
26895741
26951478
26951487
26957841
26958741
26984153
26984157
26984751
26984753
26985147
26985741
26987415
26987451
26987453
26987514
26987541
32145687
32145689
32145698
32145786
32145789
32145869
32145896
32145968
32145986
32145987
32147568
32147569
32147586
32147589
32147596
32147598
32147856
32147859
32147865
32147869
32147895
32147896
32148569
32148596
32148657
32148659
32148695
32148756
32148759
32148956
32148957
32148965
32154786
32154789
32154869
32154896
32156847
32156874
32156984
32156987
32157486
32157489
32157869
32157896
32159684
32159687
32159847
32159874
32415687
32415689
32415698
32415786
32415789
32415869
32415896
32415968
32415986
32415987
32456987
32457869
32457896
32459687
32475689
32475698
32475869
32475896
32475968
32475986
32478569
32478596
32478651
32478659
32478695
32478951
32478956
32478965
32486951
32486957
32487569
32487596
32489651
32489657
32514786
32514789
32514869
32514896
32547869
32547896
32568741
32569841
32569847
32569874
32574869
32574896
32596841
32596847
32596874
32598741
32651478
32651487
32651489
32654789
32657489
32657841
32658741
32659841
32659847
32659874
32684157
32684159
32684751
32684759
32685147
32685741
32687415
32687451
32687459
32687514
32687541
32689514
32689541
32689547
32689574
32695147
32695148
32695478
32695487
32695741
32695748
32695784
32695841
32695847
32695874
32698415
32698451
32698457
32698475
32698514
32698541
32698547
32698574
32698741
32698745
32698751
32698754
35124786
35124789
35124869
35124896
35126847
35126874
35126984
35126987
35142687
35142689
35142698
35147862
35147869
35147896
35148962
35214786
35214789
35214869
35214896
35247869
35247896
35268741
35269841
35269847
35269874
35412687
35412689
35412698
35426987
35478621
35478962
35489621
35621478
35621487
35621489
35624789
35687412
35687421
35698412
35698421
35698741
35698742
35741268
35741269
35742689
35742698
35748621
35748962
35784126
35784269
35786214
35786241
35789621
35789624
35841269
35862147
35874126
35874269
35896214
35896241
35896247
35962147
35962148
35962478
35962487
35968412
35968421
35968741
35968742
35984126
35986214
35986241
35986247
35987412
35987421
35987426
36214578
36214587
36214589
36214598
36214758
36214759
36214785
36214789
36214857
36214859
36214875
36214895
36215478
36215487
36215489
36215748
36215784
36215789
36215847
36215874
36215984
36215987
36241578
36241587
36241589
36241598
36245789
36245987
36247589
36247598
36247851
36247859
36247895
36248751
36248759
36248951
36248957
36251478
36251487
36251489
36254789
36257489
36257841
36258741
36259841
36259847
36259874
36512478
36512487
36512489
36514789
36521478
36521487
36521489
36524789
36578412
36578421
36587412
36587421
36598412
36598421
36598741
36598742
36841257
36841259
36842157
36842159
36847512
36847521
36851247
36852147
36857412
36857421
36874125
36874152
36874159
36874215
36874251
36874259
36874512
36874521
36875124
36875142
36875214
36875241
36875412
36875421
36895124
36895142
36895147
36895214
36895241
36895247
36895412
36895421
36895741
36895742
36951247
36951248
36951478
36951487
36952147
36952148
36952478
36952487
36957412
36957421
36957841
36957842
36958412
36958421
36958741
36958742
36984125
36984152
36984157
36984215
36984251
36984257
36984512
36984521
36984751
36984752
36985124
36985142
36985147
36985214
36985241
36985247
36985412
36985421
36985741
36985742
36987412
36987415
36987421
36987425
36987451
36987452
36987512
36987514
36987521
36987524
36987541
36987542
41235687
41235689
41235698
41235786
41235789
41235869
41235896
41235968
41235986
41235987
41236578
41236587
41236589
41236598
41236857
41236859
41236875
41236895
41236957
41236958
41236985
41236987
41253687
41253689
41253698
41256987
41257863
41257869
41257896
41258963
41259687
41259863
41263578
41263587
41263589
41263598
41265789
41265987
41268753
41268759
41268953
41268957
41269578
41269587
41269853
41269857
41269875
41523687
41523689
41523698
41526987
41532687
41532689
41532698
41536987
41578623
41578632
41578962
41578963
41589623
41589632
41598623
41598632
42153687
42153689
42153698
42156987
42157863
42157869
42157896
42158963
42159687
42159863
42356987
42357869
42357896
42359687
42365789
42365987
42368751
42368759
42368951
42368957
42369578
42369587
42369851
42369857
42369875
42536987
42578963
42635789
42635987
42698751
42698753
45123687
45123689
45123698
45126987
45236987
45326987
45786321
45789621
45789623
45789632
45896321
45986321
47512368
47512369
47512689
47512698
47523689
47523698
47532689
47532698
47586321
47589621
47589623
47589632
47596321
47598621
47598623
47598632
47851236
47851263
47851269
47852369
47853269
47853621
47856321
47859621
47859623
47859632
47862153
47862159
47862351
47862359
47863215
47863251
47863259
47863512
47863521
47865123
47865321
47869512
47869521
47869523
47869532
47895123
47895126
47895236
47895263
47895321
47895326
47895362
47895621
47895623
47895632
47896215
47896235
47896251
47896253
47896321
47896325
47896351
47896352
47896512
47896521
47896523
47896532
48512369
48596321
48632157
48632159
48695123
48695321
48751236
48751263
48751269
48752369
48753269
48753621
48756321
48759621
48759623
48759632
48951236
48951263
48953621
48956321
48962153
48962157
48962351
48962357
48963215
48963251
48963257
48963512
48963521
48965123
48965321
51236847
51236874
51236984
51236987
51247863
51247869
51247896
51248963
51269847
51269874
51423687
51423689
51423698
51426987
51478623
51478632
51478962
51478963
51489623
51489632
52147863
52147869
52147896
52148963
52368741
52369841
52369847
52369874
52478963
52698741
53214786
53214789
53214869
53214896
53247869
53247896
53268741
53269841
53269847
53269874
53621478
53621487
53621489
53624789
53687412
53687421
53698412
53698421
53698741
53698742
54123687
54123689
54123698
54126987
54236987
54786321
54789621
54789623
54789632
54896321
56214789
56321478
56321487
56321489
56324789
56874123
56984123
56987412
56987421
56987423
57412368
57412369
57412689
57412698
57423689
57423698
57486321
57489621
57489623
57489632
57841236
57841263
57841269
57842369
57863214
57863241
57896214
57896241
57896321
57896324
58412369
58632147
58741236
58741263
58741269
58742369
58962147
58963214
58963241
58963247
59621478
59621487
59632147
59632148
59632478
59632487
59684123
59687412
59687421
59687423
59841236
59841263
59862147
59863214
59863241
59863247
59874123
59874126
59874236
59874263
62145789
62145987
62147589
62147598
62147853
62147859
62147895
62148753
62148759
62148953
62148957
62154789
62157489
62159847
62159874
62351478
62351487
62351489
62354789
62357489
62357841
62358741
62359841
62359847
62359874
62415789
62415987
62478951
62478953
62514789
62598741
63214578
63214587
63214589
63214598
63214758
63214759
63214785
63214789
63214857
63214859
63214875
63214895
63215478
63215487
63215489
63215748
63215784
63215789
63215847
63215874
63215984
63215987
63241578
63241587
63241589
63241598
63245789
63245987
63247589
63247598
63247851
63247859
63247895
63248751
63248759
63248951
63248957
63251478
63251487
63251489
63254789
63257489
63257841
63258741
63259841
63259847
63259874
63512478
63512487
63512489
63514789
63521478
63521487
63521489
63524789
63578412
63578421
63587412
63587421
63598412
63598421
63598741
63598742
65124789
65214789
65321478
65321487
65321489
65324789
65784123
65874123
65984123
65987412
65987421
65987423
68412357
68412359
68475123
68475321
68532147
68574123
68741235
68741253
68741259
68741523
68741532
68742153
68742159
68742351
68742359
68745123
68745321
68751423
68753214
68753241
68754123
68951247
68951423
68952147
68953214
68953241
68953247
68954123
68957412
68957421
68957423
69512478
69512487
69521478
69521487
69532147
69532148
69532478
69532487
69574123
69578412
69578421
69578423
69584123
69587412
69587421
69587423
69841235
69841253
69841257
69841523
69841532
69842153
69842157
69842351
69842357
69845123
69845321
69847512
69847521
69847523
69847532
69851247
69851423
69852147
69853214
69853241
69853247
69854123
69857412
69857421
69857423
69874123
69874125
69874152
69874153
69874215
69874235
69874251
69874253
69874512
69874521
69874523
69874532
69875123
69875124
69875142
69875214
69875241
69875321
69875324
69875412
69875421
69875423
74123568
74123569
74123586
74123589
74123596
74123598
74123658
74123659
74123685
74123689
74123695
74123698
74125368
74125369
74125689
74125698
74125863
74125869
74125896
74125963
74125968
74125986
74126358
74126359
74126589
74126598
74126853
74126859
74126895
74126953
74126958
74126985
74152368
74152369
74152689
74152698
74153268
74153269
74153689
74153698
74158623
74158632
74158962
74158963
74159623
74159632
74159862
74159863
74215368
74215369
74215689
74215698
74215863
74215869
74215896
74215963
74215968
74215986
74235689
74235698
74235869
74235896
74235968
74235986
74236589
74236598
74236851
74236859
74236895
74236951
74236958
74236985
74253689
74253698
74258963
74259863
74263589
74263598
74268951
74268953
74269851
74269853
74512368
74512369
74512689
74512698
74523689
74523698
74532689
74532698
74586321
74589621
74589623
74589632
74596321
74598621
74598623
74598632
74851236
74851263
74851269
74852369
74853269
74853621
74856321
74859621
74859623
74859632
74862153
74862159
74862351
74862359
74863215
74863251
74863259
74863512
74863521
74865123
74865321
74869512
74869521
74869523
74869532
74895123
74895126
74895236
74895263
74895321
74895326
74895362
74895621
74895623
74895632
74896215
74896235
74896251
74896253
74896321
74896325
74896351
74896352
74896512
74896521
74896523
74896532
75123684
75123689
75123698
75124863
75124869
75124896
75126984
75142368
75142369
75142689
75142698
75148623
75148632
75148962
75148963
75214863
75214869
75214896
75236841
75236984
75248963
75269841
75321486
75321489
75324869
75324896
75326841
75326984
75362148
75362489
75368412
75368421
75369841
75369842
75412368
75412369
75412689
75412698
75423689
75423698
75486321
75489621
75489623
75489632
75621489
75632148
75632489
75684123
75698412
75698421
75698423
75841236
75841263
75841269
75842369
75863214
75863241
75896214
75896241
75896321
75896324
75962148
75963214
75963241
75963248
75968412
75968421
75968423
75984123
75984126
75984236
75984263
75986214
75986241
75986321
75986324
78412356
78412359
78412365
78412369
78412536
78412563
78412569
78412596
78412635
78412653
78412659
78412695
78415236
78415263
78415269
78415326
78415362
78415369
78415623
78415632
78415962
78415963
78421536
78421563
78421569
78421596
78423569
78423596
78423651
78423659
78423695
78425369
78425963
78426351
78426359
78426951
78426953
78451236
78451263
78451269
78452369
78453269
78453621
78456321
78459621
78459623
78459632
78512369
78514236
78514263
78514269
78536214
78536241
78541236
78541263
78541269
78542369
78563214
78563241
78596214
78596241
78596321
78596324
78621453
78621459
78623514
78623541
78624153
78624159
78632145
78632154
78632159
78632415
78632451
78632459
78632514
78632541
78635124
78635142
78635214
78635241
78635412
78635421
78651423
78653214
78653241
78654123
78695123
78695124
78695142
78695214
78695241
78695321
78695324
78695412
78695421
78695423
78951236
78951263
78951423
78951426
78953214
78953241
78953621
78953624
78954123
78954126
78954236
78954263
78956214
78956241
78956321
78956324
78962145
78962153
78962154
78962351
78962354
78962415
78962451
78962453
78962514
78962541
78963214
78963215
78963241
78963245
78963251
78963254
78963512
78963514
78963521
78963524
78963541
78963542
78965123
78965124
78965142
78965214
78965241
78965321
78965324
78965412
78965421
78965423
84123569
84123596
84123657
84123659
84123695
84125369
84125963
84126357
84126359
84126953
84126957
84152369
84153269
84159623
84159632
84215369
84215963
84236951
84236957
84512369
84596321
84751236
84751263
84751269
84752369
84753269
84753621
84756321
84759621
84759623
84759632
85142369
85362147
85412369
85632147
85741236
85741263
85741269
85742369
85962147
85963214
85963241
85963247
86214753
86214759
86235147
86235741
86321457
86321459
86321475
86321547
86321574
86324157
86324159
86324751
86324759
86325147
86325741
86351247
86352147
86357412
86357421
86532147
86574123
86951247
86951423
86952147
86953214
86953241
86953247
86954123
86957412
86957421
86957423
87412356
87412359
87412365
87412369
87412536
87412563
87412569
87412596
87412635
87412653
87412659
87412695
87415236
87415263
87415269
87415326
87415362
87415369
87415623
87415632
87415962
87415963
87421536
87421563
87421569
87421596
87423569
87423596
87423651
87423659
87423695
87425369
87425963
87426351
87426359
87426951
87426953
87451236
87451263
87451269
87452369
87453269
87453621
87456321
87459621
87459623
87459632
87512369
87514236
87514263
87514269
87536214
87536241
87541236
87541263
87541269
87542369
87563214
87563241
87596214
87596241
87596321
87596324
89514236
89514263
89532147
89536214
89536241
89536247
89541236
89541263
89562147
89563214
89563241
89563247
89574123
89574126
89574236
89574263
89621453
89621457
89621475
89621547
89621574
89623514
89623541
89623547
89623574
89624153
89624157
89624751
89624753
89625147
89625741
89632145
89632147
89632154
89632157
89632415
89632451
89632457
89632475
89632514
89632541
89632547
89632574
89635124
89635142
89635147
89635214
89635241
89635247
89635412
89635421
89635741
89635742
89651247
89651423
89652147
89653214
89653241
89653247
89654123
89657412
89657421
89657423
95123684
95123687
95124786
95124863
95126847
95126874
95142368
95142687
95147862
95147863
95148623
95148632
95214786
95214863
95236841
95236847
95236874
95247863
95268741
95321478
95321486
95321487
95324786
95326841
95326847
95326874
95362147
95362148
95362478
95362487
95368412
95368421
95368741
95368742
95412368
95412687
95423687
95478621
95478623
95478632
95486321
95621478
95621487
95632147
95632148
95632478
95632487
95684123
95687412
95687421
95687423
95741236
95741263
95741268
95742368
95748621
95748623
95748632
95784123
95784126
95784236
95784263
95786214
95786241
95786321
95786324
95841236
95841263
95862147
95863214
95863241
95863247
95874123
95874126
95874236
95874263
96214578
96214587
96214753
96214758
96214785
96214853
96214857
96214875
96215478
96215487
96215748
96215784
96215847
96215874
96235147
96235148
96235478
96235487
96235741
96235748
96235784
96235841
96235847
96235874
96241578
96241587
96247851
96247853
96248751
96248753
96251478
96251487
96257841
96258741
96321457
96321458
96321475
96321478
96321485
96321487
96321547
96321548
96321574
96321578
96321584
96321587
96324157
96324158
96324578
96324587
96324751
96324758
96324785
96324851
96324857
96324875
96325147
96325148
96325478
96325487
96325741
96325748
96325784
96325841
96325847
96325874
96351247
96351248
96351478
96351487
96352147
96352148
96352478
96352487
96357412
96357421
96357841
96357842
96358412
96358421
96358741
96358742
96512478
96512487
96521478
96521487
96532147
96532148
96532478
96532487
96574123
96578412
96578421
96578423
96584123
96587412
96587421
96587423
96841235
96841253
96841257
96841523
96841532
96842153
96842157
96842351
96842357
96845123
96845321
96847512
96847521
96847523
96847532
96851247
96851423
96852147
96853214
96853241
96853247
96854123
96857412
96857421
96857423
96874123
96874125
96874152
96874153
96874215
96874235
96874251
96874253
96874512
96874521
96874523
96874532
96875123
96875124
96875142
96875214
96875241
96875321
96875324
96875412
96875421
96875423
98412356
98412357
98412365
98412536
98412563
98412635
98412653
98412657
98415236
98415263
98415326
98415362
98415623
98415632
98421536
98421563
98423651
98423657
98426351
98426357
98451236
98451263
98453621
98456321
98475123
98475126
98475236
98475263
98475321
98475326
98475362
98475621
98475623
98475632
98514236
98514263
98532147
98536214
98536241
98536247
98541236
98541263
98562147
98563214
98563241
98563247
98574123
98574126
98574236
98574263
98621453
98621457
98621475
98621547
98621574
98623514
98623541
98623547
98623574
98624153
98624157
98624751
98624753
98625147
98625741
98632145
98632147
98632154
98632157
98632415
98632451
98632457
98632475
98632514
98632541
98632547
98632574
98635124
98635142
98635147
98635214
98635241
98635247
98635412
98635421
98635741
98635742
98651247
98651423
98652147
98653214
98653241
98653247
98654123
98657412
98657421
98657423
98741235
98741236
98741253
98741256
98741263
98741265
98741523
98741526
98741532
98741536
98741562
98741563
98742153
98742156
98742351
98742356
98742365
98742536
98742563
98742635
98742651
98742653
98745123
98745126
98745236
98745263
98745321
98745326
98745362
98745621
98745623
98745632
98751236
98751263
98751423
98751426
98753214
98753241
98753621
98753624
98754123
98754126
98754236
98754263
98756214
98756241
98756321
98756324
123547869
123547896
123569847
123569874
123574869
123574896
123596847
123596874
123654789
123657489
123659847
123659874
123684759
123687459
123689547
123689574
123695478
123695487
123695748
123695784
123695847
123695874
123698457
123698475
123698547
123698574
123698745
123698754
124536987
124578963
124753689
124753698
124758963
124759863
124785369
124785963
124786359
124786953
124789536
124789563
124789635
124789653
124875369
124875963
124896357
125369847
125369874
125478963
125748963
126354789
126357489
126359847
126359874
126984753
126987453
142356987
142357869
142357896
142359687
142365789
142365987
142368759
142368957
142369578
142369587
142369857
142369875
142536987
142578963
142635789
142635987
142698753
145236987
145326987
145789623
145789632
147523689
147523698
147532689
147532698
147589623
147589632
147598623
147598632
147852369
147853269
147859623
147859632
147862359
147863259
147869523
147869532
147895236
147895263
147895326
147895362
147895623
147895632
147896235
147896253
147896325
147896352
147896523
147896532
148752369
148753269
148759623
148759632
148962357
148963257
152369847
152369874
152478963
153247869
153247896
153269847
153269874
153624789
153698742
154236987
154789623
154789632
156324789
156987423
157423689
157423698
157489623
157489632
157842369
157896324
158742369
158963247
159632478
159632487
159687423
159863247
159874236
159874263
214536987
214578963
214753689
214753698
214758963
214759863
214785369
214785963
214786359
214786953
214789536
214789563
214789635
214789653
214875369
214875963
214896357
215369847
215369874
215478963
215748963
235147869
235147896
235698741
235968741
236514789
236598741
236874159
236895147
236895741
236951478
236951487
236957841
236958741
236984157
236984751
236985147
236985741
236987415
236987451
236987514
236987541
241536987
241578963
247896351
251478963
253698741
263514789
263598741
269874153
321456987
321457869
321457896
321459687
321475689
321475698
321475869
321475896
321475968
321475986
321478569
321478596
321478659
321478695
321478956
321478965
321486957
321487569
321487596
321489657
321547869
321547896
321569847
321569874
321574869
321574896
321596847
321596874
324156987
324157869
324157896
324159687
324786951
324789651
325147869
325147896
325698741
325968741
326514789
326598741
326874159
326895147
326895741
326951478
326951487
326957841
326958741
326984157
326984751
326985147
326985741
326987415
326987451
326987514
326987541
351247869
351247896
351269847
351269874
351426987
351478962
352147869
352147896
352698741
354126987
354789621
356214789
356987412
356987421
357412689
357412698
357489621
357841269
357896214
357896241
358741269
358962147
359621478
359621487
359687412
359687421
359862147
359874126
362145789
362145987
362147589
362147598
362147859
362147895
362148759
362148957
362154789
362157489
362159847
362159874
362415789
362415987
362478951
362514789
362598741
365124789
365214789
365987412
365987421
368741259
368742159
368951247
368952147
368957412
368957421
369512478
369512487
369521478
369521487
369578412
369578421
369587412
369587421
369841257
369842157
369847512
369847521
369851247
369852147
369857412
369857421
369874125
369874152
369874215
369874251
369874512
369874521
369875124
369875142
369875214
369875241
369875412
369875421
412356987
412357869
412357896
412359687
412365789
412365987
412368759
412368957
412369578
412369587
412369857
412369875
412536987
412578963
412635789
412635987
412698753
415236987
415326987
415789623
415789632
421536987
421578963
423698751
451236987
457896321
475123689
475123698
475896321
475986321
478512369
478596321
478632159
478695123
478695321
478951236
478951263
478953621
478956321
478962153
478962351
478963215
478963251
478963512
478963521
478965123
478965321
487512369
487596321
489632157
512369847
512369874
512478963
514236987
514789623
514789632
521478963
523698741
532147869
532147896
532698741
536214789
536987412
536987421
541236987
547896321
563214789
569874123
574123689
574123698
574896321
578412369
578963214
578963241
587412369
589632147
596321478
596321487
596874123
598632147
598741236
598741263
621478953
623514789
623598741
632145789
632145987
632147589
632147598
632147859
632147895
632148759
632148957
632154789
632157489
632159847
632159874
632415789
632415987
632478951
632514789
632598741
635124789
635214789
635987412
635987421
653214789
659874123
687412359
689532147
689574123
695321478
695321487
695784123
695874123
698412357
698475123
698475321
698532147
698574123
698741235
698741253
698741523
698741532
698742153
698742351
698745123
698745321
698751423
698753214
698753241
698754123
741235689
741235698
741235869
741235896
741235968
741235986
741236589
741236598
741236859
741236895
741236958
741236985
741253689
741253698
741258963
741259863
741263589
741263598
741268953
741269853
741523689
741523698
741532689
741532698
741589623
741589632
741598623
741598632
742153689
742153698
742158963
742159863
742368951
742369851
745123689
745123698
745896321
745986321
748512369
748596321
748632159
748695123
748695321
748951236
748951263
748953621
748956321
748962153
748962351
748963215
748963251
748963512
748963521
748965123
748965321
751236984
751248963
751423689
751423698
751489623
751489632
752148963
752369841
753214869
753214896
753269841
753621489
753698412
753698421
754123689
754123698
754896321
756321489
756984123
758412369
758963214
758963241
759632148
759684123
759841236
759841263
759863214
759863241
784123569
784123596
784123659
784123695
784125369
784125963
784126359
784126953
784152369
784153269
784159623
784159632
784215369
784215963
784236951
784512369
784596321
785142369
785412369
785963214
785963241
786321459
786324159
786951423
786953214
786953241
786954123
789514236
789514263
789536214
789536241
789541236
789541263
789563214
789563241
789621453
789623514
789623541
789624153
789632145
789632154
789632415
789632451
789632514
789632541
789635124
789635142
789635214
789635241
789635412
789635421
789651423
789653214
789653241
789654123
841236957
847512369
847596321
857412369
859632147
863214759
869532147
869574123
874123569
874123596
874123659
874123695
874125369
874125963
874126359
874126953
874152369
874153269
874159623
874159632
874215369
874215963
874236951
874512369
874596321
875142369
875412369
875963214
875963241
895362147
895632147
895741236
895741263
896214753
896235147
896235741
896321457
896321475
896321547
896321574
896324157
896324751
896325147
896325741
896351247
896352147
896357412
896357421
896532147
896574123
951236847
951236874
951247863
951423687
951478623
951478632
952147863
952368741
953214786
953268741
953621478
953621487
953687412
953687421
954123687
954786321
956321478
956321487
956874123
957412368
957486321
957841236
957841263
957863214
957863241
958632147
958741236
958741263
962147853
962148753
962351478
962351487
962357841
962358741
963214578
963214587
963214758
963214785
963214857
963214875
963215478
963215487
963215748
963215784
963215847
963215874
963241578
963241587
963247851
963248751
963251478
963251487
963257841
963258741
963512478
963512487
963521478
963521487
963578412
963578421
963587412
963587421
965321478
965321487
965784123
965874123
968412357
968475123
968475321
968532147
968574123
968741235
968741253
968741523
968741532
968742153
968742351
968745123
968745321
968751423
968753214
968753241
968754123
984123657
984126357
984751236
984751263
984753621
984756321
985362147
985632147
985741236
985741263
986214753
986235147
986235741
986321457
986321475
986321547
986321574
986324157
986324751
986325147
986325741
986351247
986352147
986357412
986357421
986532147
986574123
987412356
987412365
987412536
987412563
987412635
987412653
987415236
987415263
987415326
987415362
987415623
987415632
987421536
987421563
987423651
987426351
987451236
987451263
987453621
987456321
987514236
987514263
987536214
987536241
987541236
987541263
987563214
987563241
